122 978 395 382 652 220 892 856 1039 345 274 947 737 688 331 1070 935 932 166 1067 29 910 
505 1021 
228 452 
201 385 628 141 
915 159 1089 1075 734 
984 17 753 
664 940 930 
121 409 
465 541 
926 810 1081 738 425 795 
666 726 475 467 650 311 
614 623 
97 1034 1062 919 
64 27 934 
1093 655 750 
783 645 431 
286 710 169 640 
772 893 774 
421 162 
416 1001 
789 498 1049 
649 488 361 78 70 
1060 1071 37 
168 381 553 497 848 
411 174 
209 94 3 1032 
464 798 670 184 234 
706 430 620 
909 595 636 
200 1027 436 
223 812 697 
172 821 515 1031 
86 7 834 140 
353 486 379 
259 16 676 
602 1098 336 
608 405 837 
211 913 719 
996 124 727 506 
958 300 672 
320 175 203 
523 962 724 
344 761 462 369 680 151 1065 665 591 579 271 438 
316 985 905 597 790 
1059 318 83 
1008 53 
629 809 349 132 484 49 518 941 644 128 154 102 6 1016 230 807 742 283 164 1058 920 458 449 338 
107 982 733 917 
1094 145 341 
660 150 100 
38 351 
771 199 995 240 
229 718 558 
674 756 358 
322 33 752 232 9 736 
13 651 
931 647 521 
359 178 826 632 
343 860 694 
999 945 1018 
1024 991 
491 776 243 
903 265 599 
918 115 
979 422 
294 28 
367 723 
1066 392 
165 297 
478 459 98 
969 1057 332 
1078 929 1051 463 
44 949 370 454 308 279 424 
884 158 1026 
904 366 347 
815 972 
309 335 615 
805 371 534 
686 483 1012 
1015 1003 80 
441 689 986 
580 144 1056 559 
780 547 555 988 
587 822 731 880 876 
507 224 
549 565 596 500 1052 
582 1000 786 
787 729 118 
396 123 245 
716 849 
749 193 691 
576 302 254 
957 885 15 
408 109 453 
510 239 
873 592 604 
1073 1072 610 241 
417 796 246 470 
461 635 248 
301 435 1002 621 
1007 364 202 
785 990 
921 937 791 609 730 330 288 759 112 326 
631 157 186 946 
447 76 471 1091 870 
928 831 
722 709 376 111 1029 387 188 1063 284 257 74 818 
637 611 399 
955 600 340 68 
1006 278 135 494 
1041 654 54 
313 701 378 
900 754 989 171 519 
233 1011 1 
673 260 779 
1047 887 
760 163 
788 964 820 136 1036 1050 
56 1017 844 875 
1095 513 26 501 35 944 
120 47 658 814 
548 499 782 1023 
963 1086 542 444 767 153 134 
213 960 598 714 423 
170 943 520 898 
1028 863 698 
339 543 668 
237 10 886 823 
32 528 527 581 272 
1087 663 813 
493 936 262 189 1030 757 
939 363 267 20 
743 280 149 443 281 143 69 877 
1046 400 1035 646 
473 217 616 894 768 119 857 648 327 
864 968 264 231 717 314 
457 661 
531 781 138 496 634 92 704 583 418 79 
516 57 861 
429 853 93 
662 492 977 987 
1004 1048 603 
712 196 72 
552 584 180 
39 24 
522 393 
256 415 108 
816 62 
1040 113 30 365 
1042 43 721 1082 293 41 
669 481 800 
273 167 23 
642 1084 469 1068 728 334 360 468 
1088 390 951 
530 1037 
244 414 355 902 
25 841 639 
741 538 504 
643 89 
1090 708 569 
1097 797 368 
1069 137 879 
67 889 407 
350 777 667 865 
183 1005 
299 512 5 298 337 
843 315 
276 328 966 277 
448 533 321 129 1020 766 
916 836 117 323 
81 466 657 
428 148 859 
1025 404 212 445 681 
775 622 225 114 
871 191 66 
827 342 116 
845 835 829 398 104 619 
679 895 1064 
394 563 975 881 678 568 
42 110 317 
980 855 451 291 
832 268 793 
386 126 
700 593 869 
993 702 612 
973 571 238 412 304 
907 901 626 
735 625 377 1079 970 804 403 959 872 560 
748 179 96 682 638 952 720 577 
537 303 456 388 817 295 46 703 
811 375 177 912 517 287 
854 8 976 588 778 440 258 389 410 
938 838 419 65 282 
562 4 630 745 192 744 356 58 152 
550 73 1038 0 764 525 685 236 50 11 437 312 156 51 485 874 190 801 55 22 755 574 348 101 
1022 896 967 
446 866 275 52 
210 270 653 
971 2 433 594 948 77 198 633 263 139 
380 346 1076 
235 762 
99 1045 830 
725 285 974 770 
1043 690 48 607 888 87 
867 222 802 480 307 476 255 922 
683 226 215 1009 819 
806 227 
927 950 420 
511 1080 799 479 544 
362 195 983 899 773 249 352 992 
426 251 
397 509 333 130 103 824 933 536 
269 751 357 828 146 606 266 216 12 
557 529 1033 82 
61 503 564 
675 556 
1013 794 384 
91 897 740 1053 1054 862 59 105 413 
1044 319 207 
474 374 
914 911 19 578 354 90 572 1019 296 746 539 546 329 641 
176 372 306 
739 482 545 
406 994 954 923 439 181 769 833 
765 490 847 514 
851 693 185 624 60 489 261 187 868 
383 402 1096 182 432 524 713 487 204 883 208 325 808 
434 850 205 495 221 627 125 671 677 
965 1077 705 696 247 1061 
1055 846 442 1099 
656 601 825 551 1083 
732 40 692 532 953 155 133 575 84 925 
618 566 508 131 455 292 1085 605 289 142 613 
63 95 
1014 715 747 502 617 373 
242 526 250 997 570 908 290 842 391 
45 906 852 586 878 305 253 472 
14 160 
882 18 585 924 561 194 589 324 147 
684 803 707 590 891 460 34 173 106 1092 219 
840 758 792 763 214 161 956 535 477 427 
71 21 1010 981 85 695 310 401 218 784 
31 711 206 36 858 998 839 127 961 
942 252 88 
687 567 
699 75 890 573 659 540 197 1074 554 450 
































































