1063 1284 56 
662 1350 558 
1409 1105 1232 
1368 1281 1466 
198 1163 1159 1540 
1591 827 127 
7 1212 283 1268 
1099 1308 1525 
569 809 1507 1477 
1226 242 1360 
567 1087 1187 1565 
1558 1148 344 
385 1023 786 
766 1506 450 
477 1296 290 1461 
899 105 273 1549 
1375 973 883 
1468 34 1235 
250 716 1172 
929 1594 1535 
415 697 765 
326 1429 579 
832 564 1115 
1561 508 1556 1579 
1299 1431 617 
838 812 1460 1559 
1255 1376 1271 
1287 1343 1404 
506 1384 1534 1297 
1160 727 995 
1414 1209 859 
424 940 1352 1532 
371 349 1361 
914 808 1567 
122 516 503 
1233 831 1413 
989 978 857 
852 282 1154 
1131 1483 1025 
1247 1110 1055 
1127 1024 1392 
264 1147 276 
1165 1372 1104 1495 
1446 280 
1305 1417 1204 1589 
1491 1513 328 1557 
121 1089 805 1267 
948 996 1336 1596 
95 1219 620 
1133 511 107 1521 
162 1177 452 
1509 131 1410 
48 691 846 1588 
1587 1289 227 
1530 1518 1373 
777 568 1494 
1512 1158 1059 785 
836 208 1482 
1057 748 1474 
1316 1203 1503 
957 510 219 
599 888 767 1489 
368 1264 1238 
106 1434 532 1279 
458 803 840 1533 
1342 923 1054 1572 
1213 1178 1573 
235 789 1346 1363 
1539 1139 114 1574 
877 793 638 1454 
1234 1313 274 1576 
830 1303 1502 
597 586 1570 
937 947 1436 
708 675 833 1564 
1036 496 1285 1455 
411 118 869 1427 
360 1422 474 
213 256 756 
689 1585 1218 
