122 220 652 688 856 892 1070 
152 169 
110 
201 697 1035 
159 915 
17 192 
664 930 
121 483 826 
465 541 
188 1069 
467 475 650 666 753 882 
614 
81 97 466 
64 934 
75 214 219 
421 431 645 
286 327 1063 
352 772 
162 187 
146 1001 
498 625 
78 361 446 488 999 
499 
168 221 381 497 
411 624 
209 210 653 
53 184 234 409 415 
430 706 
68 135 919 
96 200 
223 628 812 
228 452 
7 48 86 
353 379 403 
16 235 
6 336 755 
85 88 405 
211 383 402 
124 996 
510 
175 203 320 
523 962 
344 426 438 462 577 579 591 638 665 
316 790 985 
83 154 602 
464 687 
132 349 484 518 807 809 920 941 1043 1059 1090 
21 71 107 
145 990 
100 150 524 
38 66 853 

229 442 502 
125 358 756 
33 322 649 
13 114 410 
931 
5 178 
227 343 384 
52 70 544 
863 991 
254 491 
32 528 581 
115 569 
239 422 
294 
103 603 
59 
165 672 
65 459 
810 926 969 
437 685 764 
44 279 308 370 716 849 
158 521 
366 873 
436 457 539 
213 309 335 
371 380 1076 
127 1012 
734 1003 1015 
441 977 
14 144 580 
707 891 1061 
134 444 587 661 731 
884 
500 549 565 647 
194 319 
24 94 377 
567 
90 454 
193 558 718 
576 978 
112 326 596 
109 408 
141 300 958 
904 
241 555 610 705 988 
45 246 417 613 
461 
301 338 440 458 
202 285 796 
785 1094 
288 609 724 730 921 937 
98 597 
28 447 471 868 
831 
376 738 818 1097 
87 368 399 
40 238 340 
595 909 1006 1020 
54 434 654 
313 453 701 
171 293 519 551 601 754 
233 289 292 
260 669 673 
1047 
330 791 
520 656 721 898 900 1036 
56 80 172 1031 
26 35 501 513 944 1095 
302 345 642 737 776 
37 548 923 1023 
542 767 822 876 880 902 963 

170 198 943 
174 782 
15 759 957 
237 1049 
547 780 813 850 1087 
205 272 599 663 
757 945 973 
363 515 620 821 
280 743 911 914 952 
385 
473 505 616 648 797 857 894 1021 
147 231 247 264 314 
93 240 259 432 
138 274 331 423 496 531 583 598 634 781 1039 
262 493 936 
429 771 
604 
367 553 814 
196 249 362 
180 312 584 749 
10 486 729 
393 522 
511 670 
34 62 
30 1016 1098 
43 1042 1082 
111 284 481 
347 592 
910 935 947 1004 1067 
130 390 728 
20 153 267 
224 507 
25 639 841 
232 752 1079 
79 92 334 
61 102 164 
217 640 768 
1081 
67 269 341 392 
350 777 1000 1099 
243 395 658 714 960 
299 979 
315 355 
266 277 449 621 
448 494 
414 836 916 
1034 1062 
148 428 779 
104 212 404 681 1025 
199 622 775 
843 
116 342 582 
113 365 845 1040 
29 166 382 
139 394 563 568 678 828 

451 552 
119 268 793 
60 126 
129 173 1091 
844 1086 
27 600 823 955 
106 197 
789 886 970 
140 179 225 578 682 720 748 815 877 
295 303 388 456 537 605 817 
635 

360 419 478 631 838 938 
425 562 612 795 918 1057 
73 445 550 835 
76 740 896 967 
245 396 866 
3 787 1032 
2 23 948 971 1050 
630 805 


282 364 566 725 
283 607 637 690 708 794 832 
222 255 373 641 802 867 922 
215 226 636 683 1009 
278 819 
41 927 950 1083 
123 1008 
712 917 982 983 992 
151 251 271 369 
89 270 287 418 468 679 895 946 1068 1084 1088 
258 389 651 751 786 827 889 966 1002 
39 118 933 
318 629 1058 
735 
191 727 
533 928 
321 667 694 

8 588 680 761 854 976 1065 
176 323 372 1052 
686 739 798 
406 439 545 608 646 698 769 784 833 954 
74 490 765 847 
337 400 482 693 851 1024 1046 
339 885 939 
183 704 932 1005 
557 560 965 1033 1041 1072 1073 
128 230 435 644 
136 788 820 964 
940 
186 824 
49 742 
719 1075 1089 1096 
242 298 386 489 526 733 783 899 
0 525 906 924 929 1038 1051 1078 
157 333 
163 182 306 317 514 543 668 713 760 
18 253 472 559 561 585 586 627 671 674 677 723 
275 479 758 763 799 840 1080 
204 351 487 834 888 972 1013 
31 206 711 
860 1044 
378 

19 69 143 149 281 374 443 474 762 778 
77 263 273 433 594 633 881 949 975 
261 359 
540 573 655 659 675 717 741 816 890 
290 997 
4 745 800 879 

276 328 357 407 
63 95 207 291 325 
11 46 703 
375 517 657 912 
1 397 469 643 878 951 1011 1048 1056 
82 460 529 556 
420 839 858 
311 346 744 984 
42 702 913 
22 55 58 101 190 356 574 859 
91 593 700 870 897 
117 611 710 
536 692 732 
993 1017 1037 
72 989 
84 304 324 412 571 766 925 
167 424 492 662 689 986 987 
534 617 
506 530 875 
142 156 208 348 455 485 508 808 830 852 1007 
9 535 1018 
108 181 256 401 632 
504 538 736 804 872 959 
676 871 887 1027 
57 189 218 252 516 695 837 861 942 961 981 994 1030 

51 99 236 470 1045 
216 307 416 480 
297 512 
161 427 477 626 699 750 792 864 901 907 956 968 1074 1092 1093 
195 825 
47 120 615 848 
257 387 660 709 
1010 1060 1071 
12 296 546 572 606 746 
905 
463 619 691 715 747 801 846 855 874 883 980 1014 
244 1026 
773 774 893 
36 250 310 391 570 842 908 998 
160 305 509 
265 1077 
354 503 564 
684 696 803 
476 865 1019 1054 1055 1066 
137 332 722 1029 

726 
495 903 
50 398 623 829 
1028 
177 248 811 
185 
450 527 554 590 
131 133 155 532 575 618 770 806 953 974 1064 1085 
105 329 413 589 862 869 1022 1053 
995 
