122 382 652 220 892 856 47 
505 1021 
110 
201 687 
915 159 
984 17 
664 930 
121 409 
465 541 
926 
666 475 467 753 650 
614 
1062 81 97 
64 934 
197 540 219 
421 992 
286 169 327 
772 893 774 
431 645 
416 1001 
789 625 
649 488 361 78 
1060 1071 
168 381 497 848 671 
411 624 
209 94 1032 24 
798 670 184 234 53 
430 821 
919 238 
1027 578 354 
223 812 697 
228 706 
86 834 539 
486 970 353 
259 16 676 
602 336 
405 88 837 256 
913 719 402 
996 124 
958 239 
320 175 403 
523 962 668 
344 761 462 369 680 151 1065 665 591 579 271 438 
316 985 790 
318 83 
464 415 
809 349 132 484 518 941 6 742 920 458 1059 755 
107 982 733 917 
1094 145 139 
660 150 100 
38 351 
199 
442 846 1099 
674 756 125 
322 33 544 
114 258 
931 
359 178 826 
343 1009 384 207 
999 945 70 
1028 739 
491 254 
903 599 528 813 
918 115 
979 422 
294 28 
367 723 
1066 392 
165 
459 
969 810 
1078 1051 685 
44 949 370 454 308 279 
158 521 
904 873 
972 888 
309 335 213 
805 371 534 
686 483 
1015 1003 734 
441 778 977 
580 144 1056 160 
555 527 988 
822 731 876 902 767 
884 
549 565 500 647 
582 1000 229 
787 653 
567 
716 849 
691 558 718 
576 345 978 
957 112 596 
408 693 
141 
366 
1072 610 241 590 
417 796 246 470 
461 
807 338 301 266 
1007 202 852 
785 990 
921 937 609 730 288 724 
98 282 
447 76 471 173 
819 
376 111 74 738 284 
637 611 399 
955 340 68 40 
278 135 595 909 
1041 654 54 
313 701 453 
900 754 989 171 519 
289 509 605 
673 152 
1047 
791 330 
1036 898 1082 198 90 788 
56 1031 172 
1095 513 26 501 35 944 
302 776 615 910 553 658 
548 1023 37 923 
963 542 444 794 880 587 

170 520 948 
991 782 
759 15 
237 1049 
32 547 850 780 
1087 663 272 
757 973 
939 363 620 515 
743 280 149 
1035 385 
473 217 616 894 119 857 648 87 640 
314 554 147 34 864 891 
457 661 
531 138 496 583 79 423 274 598 331 728 781 1070 
262 936 493 
429 853 771 
604 
1004 1048 603 
712 196 249 
552 584 180 
10 729 
522 393 
1008 108 
62 106 
30 1016 1098 
1042 43 721 1083 
669 481 818 
347 592 
642 1067 935 737 947 
1088 390 469 
875 20 153 1017 
507 224 
25 841 639 
752 872 232 
1084 634 92 714 
1090 708 
1097 768 
188 1081 
67 889 621 786 
350 777 1044 
1039 243 395 960 
299 300 510 
315 355 
966 435 1002 277 
448 1020 494 129 
836 414 1052 
466 1034 
428 148 800 
1025 404 212 681 104 
775 622 995 877 
134 843 
827 342 116 
845 1040 113 154 
688 29 166 
394 563 975 881 678 568 

980 855 451 749 
832 268 797 
298 126 
700 868 870 1091 
844 1086 
27 823 600 
901 626 816 
886 39 379 498 
748 179 682 638 952 720 577 140 225 
537 388 817 295 703 303 586 
635 

938 478 233 838 1011 
562 425 795 1057 879 612 
550 73 445 835 
1022 1010 
446 866 396 
210 3 
971 2 1050 23 943 
630 617 

365 
974 292 1064 725 
1043 690 48 607 368 432 
867 222 802 255 922 319 641 373 
683 226 215 636 808 
1006 831 
927 950 41 293 
511 123 245 
983 
426 251 
270 418 946 89 287 468 895 334 679 
269 751 341 389 410 13 651 
118 933 377 
102 629 49 
735 
191 727 
533 928 
667 321 694 

588 854 8 976 440 
372 323 543 
863 127 646 
994 954 833 545 181 401 406 698 769 1012 
765 490 1063 176 
851 261 337 400 482 1046 109 1024 
326 339 885 
183 704 932 1005 
965 434 557 560 1033 1073 707 
449 128 230 644 
656 820 828 136 964 
940 
186 333 824 
164 283 1058 
383 1075 1089 1096 
242 526 187 489 386 162 783 
525 1038 0 764 45 456 878 
157 419 631 
163 306 514 760 847 182 317 524 713 
253 472 677 561 585 924 358 1076 18 559 906 613 
840 758 763 214 275 799 1080 479 792 
66 96 204 564 200 436 815 487 
31 711 206 
860 227 
378 
672 
19 69 143 281 443 474 911 914 374 762 
77 263 273 433 594 633 
5 628 
82 741 556 460 959 1074 890 231 655 264 
997 290 
4 745 192 

276 328 357 407 
325 95 193 715 747 
11 46 
375 517 657 
1 397 643 951 130 360 1068 14 
247 529 
420 839 858 
311 346 744 569 
42 80 452 702 211 
356 859 58 101 190 22 574 55 793 779 260 
91 593 967 897 
117 710 916 
806 536 
506 1037 993 
72 773 362 352 
412 84 304 571 766 925 324 
167 689 424 492 662 986 987 
882 380 
530 267 
156 485 830 1045 142 208 285 348 364 508 437 
9 535 52 1018 
632 85 608 784 
504 538 736 1079 804 203 
871 887 93 240 1013 
57 189 516 861 1030 252 981 218 942 961 695 439 

236 51 99 566 929 
216 307 480 606 572 
297 512 
161 427 477 956 75 659 699 573 717 675 750 1093 907 968 
899 825 
120 814 627 221 
387 709 1029 257 
499 740 896 
146 296 1019 746 12 
597 905 
463 1055 312 801 619 883 63 291 1014 874 
244 1026 
195 601 
570 998 36 250 842 908 391 551 310 
305 103 
265 581 684 
61 503 7 
1077 696 
476 865 59 1054 194 502 546 
137 1069 332 722 

726 
495 205 
398 623 829 50 
174 
65 248 811 912 177 
60 185 
705 1061 1092 450 803 
618 532 953 155 131 133 575 692 1085 455 732 770 
1053 105 413 862 869 71 329 21 589 
235 
