122 220 652 856 892 1070 382 
152 505 
110 
201 697 1035 
159 915 
192 984 
664 930 
121 483 826 
465 541 
188 137 
467 475 650 666 753 371 
614 
81 97 466 
64 934 
219 197 540 
421 733 992 
286 1063 169 
772 774 893 
645 431 
1001 416 
625 789 
78 361 488 649 
499 
221 848 168 381 
411 1010 
209 210 1041 
184 234 409 415 798 
706 
68 135 919 
354 487 
223 628 812 
228 452 
86 503 539 
403 970 353 
661 240 259 
6 336 755 
85 88 405 
402 913 211 
124 996 
510 
175 203 320 
523 962 
344 426 438 577 579 638 462 1065 151 
316 790 985 
83 154 602 
464 687 
132 349 484 518 920 941 1043 1059 318 458 742 
21 71 107 
145 990 
100 150 524 
38 66 853 

229 442 1099 
125 358 756 
33 322 544 
114 410 966 
931 
5 359 
227 343 384 
70 999 945 
991 739 
254 491 
32 528 903 
115 569 
239 422 
624 
103 603 
1066 
165 672 
459 1011 
810 926 969 
437 764 1051 
44 279 308 370 849 949 
158 521 
366 873 
436 48 972 
213 309 335 
534 617 
127 1012 
734 1003 1015 
441 977 
144 580 878 
891 1061 1092 
587 731 432 902 876 
884 
500 549 565 647 
1055 1000 
24 94 377 
567 866 
90 716 
558 718 691 
576 978 
112 326 596 
408 693 
141 300 958 
904 
241 555 610 988 1072 
417 924 796 289 
461 
301 338 680 807 
1007 202 605 
785 1094 
288 609 724 730 921 937 
98 597 
28 447 896 967 
819 
376 738 1097 111 
87 399 794 
40 238 340 
595 909 1020 278 
54 434 654 
313 453 701 
171 519 601 754 900 1082 
233 292 509 
260 669 673 
1047 
330 791 
656 898 1036 948 721 
56 80 172 1031 
26 35 501 513 944 1095 
302 345 776 615 47 
37 548 923 1023 
542 822 880 963 444 767 134 

198 943 520 
174 782 
15 759 957 
237 1049 
547 780 205 599 663 
272 813 850 1087 
757 973 
515 620 821 939 
280 743 952 149 281 
385 
473 616 648 857 894 1021 119 217 
147 247 314 901 554 
93 457 16 
138 274 331 423 496 531 583 598 781 1039 79 
262 493 936 
429 771 
604 
367 553 814 
196 249 362 
180 312 584 749 
10 486 729 
393 522 
511 670 
62 106 
30 1016 1098 
43 1042 293 
284 481 818 
347 592 
910 935 947 1067 737 
130 390 728 
20 153 267 
224 507 363 
639 841 1017 
232 752 736 
92 634 418 
61 164 1058 
640 768 327 
1081 
392 67 786 582 
350 777 319 502 
243 395 658 714 960 
299 979 
315 355 
277 621 1002 435 
448 494 
414 836 916 
1034 1062 
148 428 779 
104 212 404 681 1025 
199 622 775 
843 
116 342 827 
113 365 845 1040 
166 688 29 
139 394 563 568 678 828 

552 846 
268 793 797 
126 298 
1091 868 1022 
844 1086 
27 600 823 955 
450 1074 
886 379 498 
140 179 225 578 682 720 748 815 877 
295 388 537 817 906 246 303 1076 
635 

360 419 478 631 838 938 
425 562 612 795 918 1057 
73 445 550 835 
76 740 471 129 
245 396 446 
3 787 1032 
2 23 971 1050 170 
630 805 


364 566 1064 282 
283 607 637 690 708 832 368 
222 255 373 641 802 867 922 
215 226 636 683 1009 
1006 831 
41 927 950 1083 
123 1008 
712 917 982 983 
251 271 369 761 
89 270 287 468 679 895 946 1068 1084 334 
258 389 651 751 889 13 341 269 
39 118 933 
629 102 1090 
735 
191 727 
533 928 
321 667 694 

8 588 854 440 591 665 266 976 
176 323 372 1052 
686 863 53 
406 439 545 646 698 769 784 833 954 181 
74 490 765 847 
337 400 482 851 1024 1046 109 
339 885 430 
183 704 932 1005 
557 560 965 1033 1073 653 705 
128 230 644 449 
136 788 820 964 
940 
186 824 
49 809 
719 1075 1089 1096 383 
242 386 489 526 162 187 783 
0 525 1038 45 51 236 456 470 
157 333 
163 182 306 317 514 543 668 713 760 
18 253 472 559 561 585 586 627 671 674 677 723 
275 479 758 799 840 1080 214 
351 888 1013 96 200 204 1027 
31 206 711 
860 1044 
378 

143 374 443 474 762 778 911 914 69 19 
77 263 273 433 594 633 881 975 454 
261 178 
659 675 717 741 816 890 556 231 460 
290 997 
4 745 800 879 

276 328 357 407 
95 715 747 207 193 291 
11 46 703 
375 517 657 912 
1 397 469 643 951 1048 1056 14 1088 
82 529 864 264 
420 839 858 
311 346 744 17 
42 702 
22 55 58 101 190 356 574 859 
91 593 700 870 897 
117 611 710 
536 692 732 
993 1037 25 
72 989 195 
84 304 324 412 571 766 925 
167 424 492 662 689 986 987 
882 380 
506 530 875 
142 208 348 455 485 808 830 852 1045 285 156 
9 535 1018 52 
108 256 401 632 608 
504 538 804 872 959 1079 
676 871 887 235 
57 189 218 252 516 695 837 861 942 961 981 994 1030 

1078 929 99 508 685 
216 480 307 572 606 
297 512 
161 477 750 792 907 956 968 1093 75 763 626 427 699 573 655 
825 899 
1004 642 497 120 
387 660 709 1029 
1060 1071 294 
12 746 1019 146 296 
905 
463 619 801 855 874 883 980 1014 63 325 451 
244 1026 
773 352 551 
36 250 310 391 570 842 908 998 
160 305 613 
265 527 
564 7 834 
684 696 803 
476 865 1054 59 194 546 
332 722 1069 257 

726 
495 581 
50 398 623 829 
1028 
177 248 811 65 
185 60 
590 707 34 1077 
131 133 155 532 575 618 770 806 953 974 1085 725 
105 329 413 589 862 869 1053 173 
995 
