124 149 172 201 324 
190 262 282 288 302 317 417 
5 16 37 313 348 415 
140 144 158 254 362 414 
171 189 198 204 341 
43 127 129 234 361 
7 71 75 248 315 372 
49 69 98 268 401 
0 101 130 296 384 392 
54 66 183 218 309 334 
99 123 194 311 408 413 
17 169 215 257 354 403 
2 33 91 305 371 
36 44 137 272 380 
72 109 142 246 366 
39 82 176 304 455 
70 228 238 320 342 402 
34 146 233 393 
19 68 240 259 349 
111 116 153 154 318 410 
90 94 151 279 
1 61 185 278 374 
4 77 220 286 383 
20 104 237 264 385 
35 45 193 312 
30 40 53 303 352 
133 148 184 294 425 
163 177 200 291 331 421 
32 88 115 139 
18 26 97 155 443 
132 152 191 326 
173 195 205 207 329 407 
15 25 105 266 386 458 
14 167 221 280 345 390 
78 122 134 355 420 
114 168 236 277 346 377 
23 47 229 340 375 
117 213 260 271 332 427 
74 159 187 243 339 
22 161 164 290 394 
55 100 112 135 293 
65 145 196 256 325 381 433 
12 210 214 250 253 399 
223 224 230 239 301 343 430 
58 150 181 217 316 
89 231 244 283 284 359 
11 57 84 178 330 391 
41 51 63 192 281 350 373 
95 103 170 323 
60 107 180 252 376 
162 197 211 360 450 
50 113 131 219 365 437 
48 160 209 367 
10 28 52 235 314 400 
31 56 119 147 327 
8 120 165 174 364 
143 242 263 276 353 389 
3 156 208 363 409 
38 86 258 267 347 395 416 
79 83 136 300 368 
138 166 273 292 307 424 432 
175 199 206 298 335 
46 81 274 397 
21 62 106 295 406 
203 247 249 275 319 388 434 
73 76 245 328 396 
87 108 241 
188 212 251 369 370 
13 92 125 308 357 358 405 
9 179 216 297 336 382 
157 182 232 287 333 404 
42 64 222 351 422 
24 29 67 310 338 411 
128 261 269 299 306 344 
59 202 225 255 378 
27 226 227 270 321 
93 118 186 285 337 412 
6 102 126 289 428 
96 110 121 265 379 387 
80 85 141 322 356 
