Dataset,Valor Objetivo Heruistica 1, Tiempo Heuristica 1, Valor Objetivo Heuristica 2, Tiempo Heuristica 2, Valor Objetivo Heuristica 1 + Busqueda Local 1, Tiempo Heuristica 1 + Busqueda Local 1, Valor Objetivo Heuristica 1 + Busqueda Local 2, Tiempo Heuristica 1 + Busqueda Local 2, Valor Objetivo Heuristica 2 + Busqueda Local 1, Tiempo Heuristica 2 + Busqueda Local 1, Valor Objetivo Heuristica 2 + Busqueda Local 2, Tiempo Heuristica 2 + Busqueda Local 2, Metaheuristica1, Tiempo Metaheuristica1, Metaheuristica2, Tiempo Metaheuristica2
instances/gap/gap_e/e05100,145386,342366,223347,480041,145386,342366,145386,581690,223347,480041,223347,719365,145386,764418,223347,945265
instances/gap/gap_e/e05200,340515,194931,469287,976472,340515,194931,340515,887447,469287,976472,469287,1.66899e+06,340515,1.38924e+06,469287,2.5867e+06
instances/gap/gap_e/e10100,138179,274419,222412,743851,138179,274419,138179,542968,222412,743851,222412,1.0124e+06,138179,932531,222412,1.04002e+06
instances/gap/gap_e/e10200,364536,195082,476406,1.76514e+06,364536,195082,364536,898197,476406,1.76514e+06,476406,2.46825e+06,364536,1.8923e+06,476406,2.70235e+06
instances/gap/gap_e/e10400,799534,218306,980205,5.87616e+06,799534,218306,799534,2.36348e+06,980205,5.87616e+06,980205,8.02133e+06,799534,4.52971e+06,980205,8.00554e+06
instances/gap/gap_e/e15900,1.90454e+06,699508,2.24501e+06,3.83564e+07,1.90454e+06,699508,1.89603e+06,1.07324e+07,2.24501e+06,3.83564e+07,2.24501e+06,4.83893e+07,1.8479e+06,8.07751e+07,2.24501e+06,4.95272e+07
instances/gap/gap_e/e20100,93584,141703,219210,957748,93584,141703,93584,415150,219210,957748,219210,1.2312e+06,93584,1.11734e+06,219210,2.32004e+06
instances/gap/gap_e/e20200,365348,307961,462776,3.73669e+06,365348,307961,365348,1.48345e+06,462776,3.73669e+06,462776,4.91218e+06,365348,1.5984e+06,462776,4.33725e+06
instances/gap/gap_e/e20400,810368,460394,970930,9.34402e+06,810368,460394,810368,2.66177e+06,970930,9.34402e+06,970930,1.15454e+07,810368,3.97226e+06,970930,1.66853e+07
instances/gap/gap_e/e30900,1.95149e+06,511730,2.25058e+06,5.96616e+07,1.95149e+06,511730,1.95149e+06,9.17573e+06,2.25058e+06,5.96616e+07,2.25058e+06,6.83256e+07,1.95149e+06,1.59164e+07,2.25058e+06,7.52844e+07
instances/gap/gap_e/e40400,749569,376900,945435,2.50838e+07,749569,376900,749569,2.94639e+06,945435,2.50838e+07,945435,2.76533e+07,749569,5.78899e+06,945435,2.34309e+07
instances/gap/gap_e/e60900,1.88639e+06,1.2348e+06,2.1981e+06,1.18772e+08,1.88639e+06,1.2348e+06,1.88639e+06,2.11382e+07,2.1981e+06,1.18772e+08,2.1981e+06,1.38675e+08,1.88639e+06,1.68772e+07,2.1981e+06,1.35086e+08
instances/gap/gap_e/e201600,3.51829e+06,785839,4.03176e+06,1.26349e+08,3.51829e+06,785839,3.50653e+06,3.03089e+07,4.03176e+06,1.26349e+08,4.03176e+06,1.55872e+08,3.43168e+06,2.41521e+08,4.03176e+06,1.49552e+08
instances/gap/gap_e/e401600,3.60089e+06,1.00153e+06,4.07094e+06,2.3535e+08,3.60089e+06,1.00153e+06,3.57177e+06,2.88997e+07,4.07094e+06,2.3535e+08,4.07094e+06,2.63248e+08,3.43662e+06,2.52718e+08,4.07094e+06,2.71102e+08
instances/gap/gap_e/e801600,3.56543e+06,1.82952e+06,4.01767e+06,4.68274e+08,3.56543e+06,1.82952e+06,3.53001e+06,3.14411e+07,4.01767e+06,4.68274e+08,4.01767e+06,4.97885e+08,3.20952e+06,2.9835e+08,4.01767e+06,4.98789e+08
